0,0,0,0,0,0,0,0,0,0,0,0,0,0,0,0,0,0,0,0,0,
0,0,0,0,0,0,0,0,0,0,0,0,0,0,0,0,0,0,0,0,0,
0,0,0,0,0,0,0,0,101,101,101,101,0,0,0,0,0,0,0,0,0,
0,0,0,0,0,0,0,0,101,90,51,101,0,0,0,0,0,0,0,0,0,
0,0,0,0,0,0,0,0,101,65,90,101,101,101,0,0,0,0,0,0,0,
0,0,0,0,0,0,0,0,101,90,90,90,90,101,0,0,0,0,0,0,0,
0,0,0,0,0,0,0,0,101,90,90,90,90,101,0,0,0,0,0,0,0,
0,0,0,0,0,0,0,0,101,90,90,101,101,101,0,0,0,0,0,0,0,
0,0,0,0,0,0,0,0,101,101,101,101,0,0,0,0,0,0,0,0,0,
0,0,0,0,0,0,0,0,0,0,0,0,0,0,0,0,0,0,0,0,0,
0,0,0,0,0,0,0,0,0,0,0,0,0,0,0,0,0,0,0,0,0,
0,0,0,0,0,0,0,0,0,0,0,0,0,0,0,0,0,0,0,0,0
nextlayer
0,0,0,0,0,0,0,0,0,0,0,0,0,0,0,0,0,0,0,0,0,
0,0,0,0,0,0,0,0,0,0,0,0,0,0,0,0,0,0,0,0,0,
0,0,0,0,0,0,0,0,0,0,0,0,0,0,0,0,0,0,0,0,0,
0,0,0,0,0,0,0,0,0,0,0,0,0,0,0,0,0,0,0,0,0,
0,0,0,0,0,0,0,0,0,0,0,0,0,0,0,0,0,0,0,0,0,
0,0,0,0,0,0,0,0,0,36,53,0,0,0,0,0,0,0,0,0,0,
0,0,0,0,0,0,0,0,0,0,0,35,0,0,0,0,0,0,0,0,0,
0,0,0,0,0,0,0,0,0,0,0,0,0,0,0,0,0,0,0,0,0,
0,0,0,0,0,0,0,0,0,0,0,0,0,0,0,0,0,0,0,0,0,
0,0,0,0,0,0,0,0,0,0,0,0,0,0,0,0,0,0,0,0,0,
0,0,0,0,0,0,0,0,0,0,0,0,0,0,0,0,0,0,0,0,0,
0,0,0,0,0,0,0,0,0,0,0,0,0,0,0,0,0,0,0,0,0
end
